BINARY
FOUR PARTS ON KNOB -> A



#1
IF ! Z: B P.NEXT
X + B * 2 RND 2
CV 3 N P X
PROB 50: TR.P 3
TR.TIME 3 RND 50
CV.SLEW 3 RND 100

#2
TR.P 1
PROB 80: BREAK
DEL / M 2: TR.P 1

#3
IF % T 4: BRK
PROB - 100 IN: BRK
IF > A 1: SC.TR.P 5
IF ! T: SC.TR.P 4

#4
X - 13 Z
IF ! STATE 1: BRK
IF BGET + P 62 R X: SC.TR.P 7
IF ! BGET + P 63 R X: BRK
C ? Z RND 6 B; CV 2 N P C
SC.TR.P 1; TR.P 2; $ 5

#5
IF < A 2: BRK
SC.CV 17 N P C
SC.CV 18 N P + C 2
SC.TR.P 17
SC.TR.P 18

#6
IF < A 2: BRK
SC.TR.P 3

#7

#8
IF ! T: P.I 16

#M
TR.P 4
IF ! T: A PRM; P.N A; P.I 15
$ 1; $ 2; $ 3; $ 4; $ 6
T WRAP + T 1 0 55; Z % T 14

#I
M 120; T 0; Z 0; SYNC 0
PARAM.SCALE 0 3
L 1 4: TR.TIME I 20
R.MAX 2
IN.SCALE 0 200
L 1 8: MUTE I 1

#P
20	20	20	20
1	1	1	1
16	16	16	16
21	19	63	63

-1	-1	2	2
0	0	4	4
2	2	6	6
4	4	7	7
5	5	9	9
7	7	11	11
9	9	12	12
11	11	14	14
12	12	16	16
14	14	18	18
16	16	19	19
17	17	21	21
19	19	23	23
21	21	24	24
23	23	26	26
24	24	28	28
3	3	6	6
3	3	6	6
3	3	4	4
4	4	4	4
3	0	0	0
5	0	0	0
0	0	0	0
0	0	0	0
0	0	0	0
0	0	0	0
0	0	0	0
0	0	0	0
0	0	0	0
0	0	0	0
0	0	0	0
0	0	0	0
0	0	0	0
0	0	0	0
0	0	0	0
0	0	0	0
0	0	0	0
0	0	0	0
0	0	0	0
0	0	0	0
0	0	0	0
0	0	0	0
0	0	0	0
0	0	0	0
0	0	0	0
0	0	0	0
0	0	0	0
0	0	0	0
0	0	0	0
0	0	0	0
0	0	0	0
0	0	0	0
0	0	0	0
0	0	0	0
0	0	0	0
0	0	0	0
0	0	0	0
0	0	0	0
0	0	0	0
0	0	0	0
0	0	0	0
0	0	0	0
516	11	7	9
0	8192	8738	57

#G
0000000000000000
0000000000000000
0000000000000000
0000000000000000
0000000000000000
0000000000000000
0000000000000000
0000000000000000
0000000000000000
0000000000000000
0000000000000000
0000000000000000
0000000000000000
0000000000000000
0000000000000000
0000000000000000

0	0	0	0	0	0	0	0	0	0	0	0	0	0	0	0
0	0	0	0	0	0	0	0	0	0	0	0	0	0	0	0
0	0	0	0	0	0	0	0	0	0	0	0	0	0	0	0
0	0	0	0	0	0	0	0	0	0	0	0	0	0	0	0
