MOM 5
10 PARTIALS
$1: P1-3 OFF
$2: P1-3 FULL ON
$3: P1-3 RANDOM VOLUME
$4: RANDOMIZE 4X SLEW
$5: RANDOM PARTIAL FULL ON
$6: P3-10 RANDOM VOLUME
$7: RANDOMIZE ALL (BUT ON)
$8: HELPER



#1
L 1 3: SC.CV I 0

#2
L 1 3: SC.CV I 32000

#3
L 1 3: SC.CV I RND 32000

#4
X RRND 5000 20000
SC.CV.SLEW RRND 1 10 X
SC.CV.SLEW RRND 1 10 X
X RRND 5000 20000
SC.CV.SLEW RRND 1 10 X
SC.CV.SLEW RRND 1 10 X

#5
SC.CV RRND 1 10 32000

#6
L 3 10: SC.CV I RND 32000

#7
L 1 10: $ 8

#8
T RRND 5000 20000
SC.CV.SLEW I T
SC.CV I RRND 20000 32000

#M
TR.P 1
$ RRND 2 7

#I
M.ACT 0; M 20000
L 1 10: SC.CV I 0
BRK
L 1 10: SC.CV.SLEW I 20000

#P
0	0	0	0
1	1	1	1
0	0	0	0
63	63	63	63

0	0	0	0
0	0	0	0
0	0	0	0
0	0	0	0
0	0	0	0
0	0	0	0
0	0	0	0
0	0	0	0
0	0	0	0
0	0	0	0
0	0	0	0
0	0	0	0
0	0	0	0
0	0	0	0
0	0	0	0
0	0	0	0
0	0	0	0
0	0	0	0
0	0	0	0
0	0	0	0
0	0	0	0
0	0	0	0
0	0	0	0
0	0	0	0
0	0	0	0
0	0	0	0
0	0	0	0
0	0	0	0
0	0	0	0
0	0	0	0
0	0	0	0
0	0	0	0
0	0	0	0
0	0	0	0
0	0	0	0
0	0	0	0
0	0	0	0
0	0	0	0
0	0	0	0
0	0	0	0
0	0	0	0
0	0	0	0
0	0	0	0
0	0	0	0
0	0	0	0
0	0	0	0
0	0	0	0
0	0	0	0
0	0	0	0
0	0	0	0
0	0	0	0
0	0	0	0
0	0	0	0
0	0	0	0
0	0	0	0
0	0	0	0
0	0	0	0
0	0	0	0
0	0	0	0
0	0	0	0
0	0	0	0
0	0	0	0
0	0	0	0
0	0	0	0

#G
0000000000000000
0000000000000000
0000000000000000
0000000000000000
0000000000000000
0000000000000000
0000000000000000
0000000000000000
0000000000000000
0000000000000000
0000000000000000
0000000000000000
0000000000000000
0000000000000000
0000000000000000
0000000000000000

0	0	0	0	0	0	0	0	0	0	0	0	0	0	0	0
0	0	0	0	0	0	0	0	0	0	0	0	0	0	0	0
0	0	0	0	0	0	0	0	0	0	0	0	0	0	0	0
0	0	0	0	0	0	0	0	0	0	0	0	0	0	0	0
