MOM 4



#1
EVERY 2: SC.CV 1 N P PN.NEXT 1
DEL 5: SC.TR.P 1

#2
IF < PRM 1: BRK
EVERY 1: SC.CV 2 N P PN.NEXT 2
DEL 5: SC.TR.P 2

#3
IF < PRM 2: BRK
EVERY 1: SC.CV 3 N P PN.NEXT 3
DEL 5: SC.TR.P 3

#4

#5

#6

#7

#8

#M
TR.P 4; SC.TR.P 100
EVERY 4: $ 1
EVERY 6: $ 2
EVERY 3: $ 3
$ 4
$ 5

#I
M 300
P.N 0
PARAM.SCALE 0 2

#P
16	5	7	3
1	1	1	1
0	0	0	0
15	4	6	2

-1	1	1	1
0	2	3	5
2	3	5	3
4	5	7	0
5	2	8	0
7	0	5	0
9	0	9	0
11	0	0	0
12	0	0	0
14	0	0	0
16	0	0	0
17	0	0	0
19	0	0	0
21	0	0	0
23	0	0	0
24	0	0	0
0	0	0	0
0	0	0	0
0	0	0	0
0	0	0	0
0	0	0	0
0	0	0	0
0	0	0	0
0	0	0	0
0	0	0	0
0	0	0	0
0	0	0	0
0	0	0	0
0	0	0	0
0	0	0	0
0	0	0	0
0	0	0	0
0	0	0	0
0	0	0	0
0	0	0	0
0	0	0	0
0	0	0	0
0	0	0	0
0	0	0	0
0	0	0	0
0	0	0	0
0	0	0	0
0	0	0	0
0	0	0	0
0	0	0	0
0	0	0	0
0	0	0	0
0	0	0	0
0	0	0	0
0	0	0	0
0	0	0	0
0	0	0	0
0	0	0	0
0	0	0	0
0	0	0	0
0	0	0	0
0	0	0	0
0	0	0	0
0	0	0	0
0	0	0	0
0	0	0	0
0	0	0	0
0	0	0	0
0	0	0	0

#G
0000000000000000
0000000000000000
0000000000000000
0000000000000000
0000000000000000
0000000000000000
0000000000000000
0000000000000000
0000000000000000
0000000000000000
0000000000000000
0000000000000000
0000000000000000
0000000000000000
0000000000000000
0000000000000000

0	0	0	0	0	0	0	0	0	0	0	0	0	0	0	0
0	0	0	0	0	0	0	0	0	0	0	0	0	0	0	0
0	0	0	0	0	0	0	0	0	0	0	0	0	0	0	0
0	0	0	0	0	0	0	0	0	0	0	0	0	0	0	0
