MOM 2
CHORD ON KNOB (, F, DM)
T: STEP, A: ACTIVITY (0-100)
F8 RANDOMIZE PATTERN STEPS
F6/F7 -/+ ACTIVITY



#1
SC.TR.TIME 17 RRND 5 70
X P.NEXT
IF == 0 T: X - P 0 12
SC.CV 17 N + X 24
PROB 1: P.START DRUNK
$ 2

#2
IF <= T 0: $ 3
IF && > A 0 == T 8: $ 3
IF && > A 10 == T C: $ 3
IF && > A 20 == T D: $ 3
IF > A 60: $ 3

#3
SC.TR.P 17

#4
IF != 0 T: BREAK
SC.TR 20 0
IF > A 30: SC.TR 20 1
SC.CV 20 N - P 0 12

#5
IF != 0 T: BREAK
L 21 23: SC.CV I N P - I 5
L 21 23: SC.TR I 0
IF > A 50: SC.TR 21 1
IF > A 70: SC.TR 22 1
IF > A 90: SC.TR 23 1

#6
A MAX - A 10 0

#7
A MIN + A 10 100

#8
P.START DRUNK
X + 1 * 2 RRND 3 5
P.END + X P.START

#M
IF == 0 T: P.N PRM
$ 1; $ 4; $ 5
SC.TR.P 100; TR.P 1
T % + 1 T 12

#I
M.ACT 0; T 0; A 0
M 170; TR.TIME 1 50
PARAM.SCALE 0 2
L 1 8: MUTE I 1
L 20 23: SC.TR I 0
C RRND 2 6; D RRND 9 11

#P
16	16	16	0
1	1	1	1
0	0	3	0
7	16	11	63

0	5	2	0
2	4	4	0
4	5	5	0
7	7	9	0
12	9	12	0
14	7	17	0
16	12	9	0
19	11	16	0
12	16	17	0
14	17	14	0
7	12	9	0
12	14	16	0
16	16	14	0
19	24	17	0
24	21	21	0
12	12	12	0
4	5	5	0
7	9	9	0
14	16	16	0
0	0	0	0
0	0	0	0
0	0	0	0
0	0	0	0
0	0	0	0
0	0	0	0
0	0	0	0
0	0	0	0
0	0	0	0
0	0	0	0
0	0	0	0
0	0	0	0
0	0	0	0
0	0	0	0
0	0	0	0
0	0	0	0
0	0	0	0
0	0	0	0
0	0	0	0
0	0	0	0
0	0	0	0
0	0	0	0
0	0	0	0
0	0	0	0
0	0	0	0
0	0	0	0
0	0	0	0
0	0	0	0
0	0	0	0
0	0	0	0
0	0	0	0
0	0	0	0
0	0	0	0
0	0	0	0
0	0	0	0
0	0	0	0
0	0	0	0
0	0	0	0
0	0	0	0
0	0	0	0
0	0	0	0
0	0	0	0
0	0	0	0
0	0	0	0
0	0	0	0

#G
0000000000000000
0000000000000000
0000000000000000
0000000000000000
0000000000000000
0000000000000000
0000000000000000
0000000000000000
0000000000000000
0000000000000000
0000000000000000
0000000000000000
0000000000000000
0000000000000000
0000000000000000
0000000000000000

0	0	0	0	0	0	0	0	0	0	0	0	0	0	0	0
0	0	0	0	0	0	0	0	0	0	0	0	0	0	0	0
0	0	0	0	0	0	0	0	0	0	0	0	0	0	0	0
0	0	0	0	0	0	0	0	0	0	0	0	0	0	0	0
