STUDENT ELEVEN



#1
IF < 1000 LAST $: T -1
T + 1 T; Y % T 16
L 2 7: $ I
J * 5000 > % T 64 48
IF % + 1 T 64: CV 1 J; BRK
CV 1 32000; Z PRM; P.N Z; T -1

#2
A / T 16
IF STATE 8: BRK
SC.CV 20 N P A
SC.TR.P 20

#3
IF STATE 7: BRK
J P 4
PROB J: K P + * 4 A RRND 8 11
TO.CV 1 N + * 12 RRND 3 6 K
PROB 80: TO.TR.P 1

#4
IF ! STATE 5: $ 8
IF ! % T 4: TR.P 3

#5
IF ! % T 4: TR.P 4

#6

#7

#8
IF || % T 4 J: J - J 1; BRK
K WRP ? TOSS - K 1 + K 1 32 39
X P K; TR.P 2
SC.CV 10 N X; SC.TR.P 10
PROB 70: J RRND 2 43
PROB 10: K + K RND 6

#M

#I
SC.TR.TIME 20 100
PARAM.SCALE 0 3
L 2 8: MUTE I 1
L 1 4: TR.TIME I 10
L 1 4: TO.TR.TIME I 10

#P
1	5	5	5
1	1	1	1
32	0	0	0
35	63	63	63

10	14	10	10
10	15	12	12
10	14	15	15
10	19	14	14
15	15	85	85
0	0	0	0
0	0	0	0
0	0	0	0
2	2	1	1
7	7	6	6
9	9	8	8
10	10	10	10
2	2	3	3
7	7	8	8
9	9	10	10
10	10	12	12
2	2	7	7
7	7	10	10
9	9	15	15
10	10	17	17
2	2	7	7
7	7	10	10
9	9	12	12
10	10	14	14
0	0	0	0
0	0	0	0
0	0	0	0
0	0	0	0
0	0	0	0
0	0	0	0
0	0	0	0
0	0	0	0
2	2	10	20
10	10	13	25
9	9	15	24
7	7	17	25
14	14	20	22
22	12	22	29
21	15	24	32
19	5	13	36
0	0	0	0
0	0	0	0
0	0	0	0
0	0	0	0
0	0	0	0
0	0	0	0
0	0	0	0
0	0	0	0
0	0	0	0
0	0	0	0
0	0	0	0
0	0	0	0
0	0	0	0
0	0	0	0
0	0	0	0
0	0	0	0
0	0	0	0
0	0	0	0
0	0	0	0
0	0	0	0
0	0	0	0
0	0	0	0
0	0	0	0
0	0	0	0

#G
0000000000000000
0000000000000000
0000000000000000
0000000000000000
0000000000000000
0000000000000000
0000000000000000
0000000000000000
0000000000000000
0000000000000000
0000000000000000
0000000000000000
0000000000000000
0000000000000000
0000000000000000
0000000000000000

0	0	0	0	0	0	0	0	0	0	0	0	0	0	0	0
0	0	0	0	0	0	0	0	0	0	0	0	0	0	0	0
0	0	0	0	0	0	0	0	0	0	0	0	0	0	0	0
0	0	0	0	0	0	0	0	0	0	0	0	0	0	0	0
