UP A NOTCH



#1
IF STATE 2: BRK
IF BGET P 63 Y: SC.TR.P 3

#2
IF ! Y: J P.RND
IF || STATE 5 ! J: BRK
SC.CV 20 N J
IF BGET P 62 Y: SC.TR.P 20
A J

#3
TO.CV 1 N P + 8 % / T 14 4
IF STATE 4: BRK
TO.TR.P 1

#4
J P + 12 % / T 14 4
TO.CV 2 N + J 24

#5
IF STATE 3: BRK
IF BGET P 61 Y: SC.TR.P 5

#6

#7

#8
TR.P 1
IF % + T 1 56: CV 1 0; BRK
CV 1 32000
IF == Z PRM: BRK
Z PRM; P.N Z; T -1

#M
Y % T 14
L 1 8: $ I
T + 1 T

#I
M 90; T 0; M.ACT 1
L 1 4: TR.TIME I 10
L 1 8: TO.TR.TIME I 10
PARAM.SCALE 0 3

#P
5	6	5	8
1	1	1	1
0	0	0	0
4	5	4	7

9	12	12	12
11	9	14	14
12	11	16	15
16	21	23	19
17	23	21	26
0	19	0	27
0	0	0	24
0	0	0	29
9	9	5	12
9	11	7	15
9	12	9	10
9	5	5	17
9	12	9	15
11	14	11	19
12	16	12	14
12	9	9	21
0	0	0	0
0	0	0	0
0	0	0	0
0	0	0	0
0	0	0	0
0	0	0	0
0	0	0	0
0	0	0	0
0	0	0	0
0	0	0	0
0	0	0	0
0	0	0	0
0	0	0	0
0	0	0	0
0	0	0	0
0	0	0	0
0	0	0	0
0	0	0	0
0	0	0	0
0	0	0	0
0	0	0	0
0	0	0	0
0	0	0	0
0	0	0	0
0	0	0	0
0	0	0	0
0	0	0	0
0	0	0	0
0	0	0	0
0	0	0	0
0	0	0	0
0	0	0	0
0	0	0	0
0	0	0	0
0	0	0	0
0	0	0	0
0	0	0	0
0	0	0	0
0	0	0	0
0	0	0	0
0	0	0	0
0	0	0	0
0	0	0	0
0	0	0	0
0	0	0	0
1040	1092	32767	32767
0	16383	16383	16383
16383	15128	16128	16128

#G
0000000000000000
0000000000000000
0000000000000000
0000000000000000
0000000000000000
0000000000000000
0000000000000000
0000000000000000
0000000000000000
0000000000000000
0000000000000000
0000000000000000
0000000000000000
0000000000000000
0000000000000000
0000000000000000

0	0	0	0	0	0	0	0	0	0	0	0	0	0	0	0
0	0	0	0	0	0	0	0	0	0	0	0	0	0	0	0
0	0	0	0	0	0	0	0	0	0	0	0	0	0	0	0
0	0	0	0	0	0	0	0	0	0	0	0	0	0	0	0
